1.397988480329513505e+00
1.178636670112609863e+00
1.122385537624359220e+00
1.087394851446151778e+00
1.057399117946624667e+00
1.040999788045883223e+00
1.020636612176895053e+00
1.007811212539672763e+00
9.888325661420822588e-01
9.734458655118942705e-01
9.681602656841278298e-01
9.579141944646835105e-01
9.445673078298568726e-01
9.317896246910095659e-01
9.224180012941360918e-01
9.055159538984298706e-01
9.042122066020965576e-01
8.889784008264541848e-01
8.706452250480651855e-01
8.560208529233932495e-01
8.453009665012359841e-01
8.409164816141128096e-01
8.325673222541809526e-01
8.263513833284378274e-01
8.194675654172897117e-01
8.112673193216324297e-01
8.040709972381592241e-01
7.974761188030242698e-01
7.917760103940963967e-01
7.858840763568878396e-01
7.881409227848052979e-01
7.767307847738266213e-01
7.679678469896316084e-01
7.617652714252471924e-01
7.545035421848297341e-01
7.465950995683670044e-01
7.408808559179306252e-01
7.367983132600783858e-01
7.310903489589690718e-01
7.232626467943191750e-01
7.147930890321732011e-01
7.109789282083511797e-01
7.090399354696274026e-01
7.031694889068603738e-01
6.994814395904540572e-01
6.893851488828659502e-01
6.860328227281570213e-01
6.775904536247253640e-01
6.703023403882980569e-01
6.651261478662491289e-01
6.592394173145293967e-01
6.532831847667693870e-01
6.459739506244659424e-01
6.408810764551162720e-01
6.342161715030669722e-01
6.299374103546142578e-01
6.262477844953536765e-01
6.185287207365035567e-01
6.138474553823470847e-01
6.070365339517593828e-01
6.033910781145095381e-01
5.969700515270233154e-01
5.914032995700836404e-01
5.904605507850646529e-01
5.858822643756866899e-01
5.769942045211792214e-01
5.736149638891220315e-01
5.662610203027724776e-01
5.584382355213165505e-01
5.515804141759872437e-01
5.469800502061843428e-01
5.424670144915580972e-01
5.377678260207175986e-01
5.310711905360221419e-01
5.283356949687003645e-01
5.252967908978461997e-01
5.175417870283126609e-01
5.103836059570312500e-01
5.082973599433898704e-01
5.033083245158195274e-01
4.988481685519218223e-01
4.910761639475822449e-01
4.853083267807960510e-01
4.799536079168319480e-01
4.776494964957237466e-01
4.760424256324767844e-01
4.710657209157943504e-01
4.631492242217064015e-01
4.587028086185455100e-01
4.516432404518127552e-01
4.497884482145309559e-01
4.463892519474029763e-01
4.410656869411468395e-01
4.377677604556083901e-01
4.338731244206428528e-01
4.296058207750320657e-01
4.237497285008430259e-01
4.176761403679847828e-01
4.142294093966484292e-01
4.107638582587241904e-01
4.077172756195068248e-01
4.041155308485031017e-01
4.003016442060470803e-01
3.973383337259292492e-01
3.951514258980751149e-01
3.911230787634849548e-01
3.863829866051674000e-01
3.858631834387779014e-01
3.816939473152160534e-01
3.790035620331764221e-01
3.731375530362129322e-01
3.690719708800315746e-01
3.666977494955062644e-01
3.608975365757942089e-01
3.581488817930221780e-01
3.592219159007072338e-01
3.552741155028343312e-01
3.529012843966484181e-01
3.481415897607803567e-01
3.447792395949363931e-01
3.422727227210998757e-01
3.402163133025169484e-01
3.351337835192680359e-01
3.313099890947341919e-01
3.290958449244499318e-01
3.279446125030517356e-01
3.264429509639740212e-01
3.233066037297248618e-01
3.198161378502845653e-01
3.179683014750480652e-01
3.149690642952919228e-01
3.112611055374145397e-01
3.106767266988754161e-01
3.093815594911575317e-01
3.056061625480651633e-01
3.022620990872383340e-01
2.996648952364921459e-01
2.981350138783455117e-01
2.962485238909721152e-01
2.937873527407646179e-01
2.934972137212753518e-01
2.900047257542610057e-01
2.883553072810173257e-01
2.850322246551513783e-01
2.820527166128158347e-01
2.804423317313194386e-01
2.825022086501121632e-01
2.812844023108482250e-01
2.808751165866851807e-01
2.798688650131225808e-01
2.785289362072944641e-01
2.740437783300876395e-01
2.686382912099361531e-01
2.652569606900215260e-01
2.638586834073066711e-01
2.626562789082527161e-01
2.615474320948124043e-01
2.611374489963054768e-01
2.624444931745529286e-01
2.620235227048396953e-01
2.598372504115104564e-01
2.591037109494209179e-01
2.545111022889613994e-01
2.510375604033470154e-01
2.509122505784034951e-01
2.496357329189777263e-01
2.459835737943649181e-01
2.427238769829273279e-01
2.407517716288566645e-01
2.391552671790123097e-01
2.385244280099868830e-01
2.380085915327072033e-01
2.406345672905444988e-01
2.425855368375778309e-01
2.406993433833122253e-01
2.381489828228950389e-01
2.354632616043090820e-01
2.341857634484768025e-01
2.313063539564609583e-01
2.299826495349407141e-01
2.275391414761543385e-01
2.251171529293060358e-01
2.247564479708671625e-01
2.246215455234050751e-01
2.248913772404193823e-01
2.229543715715408270e-01
2.215357415378093608e-01
2.209019459784030970e-01
2.197846956551074982e-01
2.188132472336292156e-01
2.183473072946071625e-01
2.169455558061599842e-01
2.151245541870593914e-01
2.137040324509143774e-01
2.148770414292812403e-01
2.130190886557102314e-01
2.109001360833644978e-01
2.095341593027114924e-01
2.101743876934051569e-01
2.083851054310798534e-01
2.068601943552494105e-01
2.061822257936000713e-01
2.057275719940662440e-01
2.044761084020137731e-01
2.029979899525642395e-01
2.028327696025371552e-01
2.024987109005451091e-01
2.011972941458225195e-01
2.002237319946288951e-01
1.986277624964714050e-01
1.981307387351989857e-01
1.990273475646972545e-01
2.011370591819286457e-01
2.009624496102332958e-01
1.996331036090850941e-01
1.980067729949951116e-01
1.964781351387500652e-01
1.957435369491577204e-01
1.946847498416900690e-01
1.951175615191459711e-01
1.937554001808166615e-01
1.935531832277774811e-01
1.938585773110389765e-01
1.901665143668651581e-01
1.869936652481555828e-01
1.850251056253910120e-01
1.831804104149341583e-01
1.828182153403759003e-01
1.835569202899932917e-01
1.858132526278495900e-01
1.862398281693458668e-01
1.851787544786930029e-01
1.835586823523044642e-01
1.823987767100334056e-01
1.820123501121997944e-01
1.827754087746143452e-01
1.829430371522903498e-01
1.812026560306549128e-01
1.797100163996219746e-01
1.776464208960533142e-01
1.767577312886715046e-01
1.754113443195819966e-01
1.741114862263202778e-01
1.733988560736179352e-01
1.725640758872032110e-01
1.722048200666904394e-01
1.722636021673679407e-01
1.727570392191410120e-01
1.733756974339485113e-01
1.739867813885211945e-01
1.735445596277713776e-01
1.723982349038123973e-01
1.711380690336227473e-01
1.692925579845905304e-01
1.689359158277511652e-01
1.680393330752849579e-01
1.673826314508914948e-01
1.670221649110317230e-01
1.666024073958397023e-01
1.669645875692367665e-01
1.669717863202095087e-01
1.660631522536277771e-01
1.649360716342926081e-01
1.647415533661842346e-01
1.650449536740779821e-01
1.650766462087631115e-01
1.638023696839809307e-01
1.621400266885757446e-01
1.616985879838466755e-01
1.606326550245285034e-01
1.599015504121780451e-01
1.596852093935012817e-01
1.590359300374984686e-01
1.581421844661235754e-01
1.579371720552444347e-01
1.584306076169013922e-01
1.583624370396137238e-01
1.579872399568557628e-01
1.579428732395172230e-01
1.577557913959026226e-01
1.559631444513797649e-01
1.557264544069766887e-01
1.555213913321495112e-01
1.554891720414161571e-01
1.549768380820751301e-01
1.537907443940639551e-01
1.537178091704845539e-01
1.533106938004493713e-01
1.523681029677391163e-01
1.516937807202339283e-01
1.505625791847705897e-01
1.503739289939403645e-01
1.519976191222667805e-01
1.520144693553447668e-01
1.509625963866710607e-01
1.508205391466617695e-01
1.499403312802314869e-01
1.491747006773948558e-01
1.485018268227577265e-01
1.503039963543414959e-01
1.509622693061828669e-01
1.505055285990238301e-01
1.483163483440876063e-01
1.463288299739360920e-01
1.453099064528942108e-01
1.443673267960548512e-01
1.439519248902797754e-01
1.435553930699825231e-01
1.435968466103076935e-01
1.439798563718795721e-01
1.438451848924159893e-01
1.433780647814273945e-01
1.430817469954490662e-01
1.424688398838043213e-01
1.417043089866638073e-01
1.411132730543613323e-01
1.416201896965503804e-01
1.423896670341491810e-01
1.421730913221836146e-01
1.412772014737129211e-01
1.406888350844383295e-01
1.409671254456043299e-01
1.406477518379688207e-01
1.394019238650798798e-01
1.415269613265991155e-01
1.439046382904052845e-01
1.435529410839080922e-01
1.413720786571502630e-01
1.400800570845603943e-01
1.388854123651981354e-01
1.368699163198471014e-01
1.354885451495647375e-01
1.353262227028608211e-01
1.350324891507625469e-01
1.359501957893371471e-01
1.366456598043441772e-01
1.362431239336729105e-01
1.345032110810279735e-01
1.328823346644640024e-01
1.323054987937211935e-01
1.322295159101486151e-01
1.329602539539337103e-01
1.332180604338645824e-01
1.319649185985326822e-01
1.315969251096248682e-01
1.309890318661928177e-01
1.302402645349502452e-01
1.298240832984447479e-01
1.297845922410488240e-01
1.301113132387399784e-01
1.311618067324161474e-01
1.316008158028125763e-01
1.315622363239526693e-01
1.323075272142887060e-01
1.321759115904569681e-01
1.318310245871543995e-01
1.317110061645507812e-01
1.303683396428823582e-01
1.292408276349306107e-01
1.297846376895904486e-01
1.298711013048887142e-01
1.287243209779262432e-01
1.267142489552497975e-01
1.252079501748085133e-01
1.245419088751077707e-01
1.256779100745916422e-01
1.250741034746170044e-01
1.247212141752243042e-01
1.245161995291709928e-01
1.242162153124809210e-01
1.244673185050487463e-01
1.253093183040618896e-01
1.263768307864666096e-01
1.256426487118005864e-01
1.237976457923650742e-01
1.221229251474142130e-01
1.218811206519603701e-01
1.216194234788417761e-01
1.219834513962268774e-01
1.220257550477981540e-01
1.223702460527420072e-01
1.227253451943397522e-01
1.233790799975395258e-01
1.235671900212764740e-01
1.238396104425191907e-01
1.245419118553399984e-01
1.239438794553279904e-01
1.260377530008554570e-01
1.262783747166395243e-01
1.240203127264976474e-01
1.218349199742078809e-01
1.198608092963695526e-01
1.182988103479147013e-01
1.163804806768894140e-01
1.154443006962537766e-01
1.145559176802635193e-01
1.151628270745277405e-01
1.154649946838617325e-01
1.166401024907827433e-01
1.167583379894494983e-01
1.158363100141286822e-01
1.156236514449119623e-01
1.161087017506361035e-01
1.163428526371717425e-01
1.164845693856477737e-01
1.159784112125635119e-01
1.160719230771064814e-01
1.155501388013362857e-01
1.150230966508388464e-01
1.160586226731538800e-01
1.160982146859168979e-01
1.152400135993957575e-01
1.145204588770866450e-01
1.140115235000848798e-01
1.139783442020416288e-01
1.140026904642581912e-01
1.135526958853006335e-01
1.132386635988950757e-01
1.130806479603052167e-01
1.128427688032388743e-01
1.141382306814193726e-01
1.142288137227296801e-01
1.138540942221879931e-01
1.135616078972816467e-01
1.141201935708522769e-01
1.146495360881090164e-01
1.146463096141815130e-01
1.141374874860048294e-01
1.129363141953945160e-01
1.112564969807863235e-01
1.104924634099006681e-01
1.090969748795032473e-01
1.083369184285402353e-01
1.070739667862653788e-01
1.065119098871946390e-01
1.066663056612014715e-01
1.068924948573112543e-01
1.067691717296838788e-01
1.079034794121980639e-01
1.090472068637609454e-01
1.097907532006502096e-01
1.110908728092908915e-01
1.130454886704683332e-01
1.141471810638904627e-01
1.131065145134925870e-01
1.116748321801424026e-01
1.096563145518302945e-01
1.084120582789182691e-01
1.063267499208450373e-01
1.043775040656328146e-01
1.030266068875789615e-01
1.021591555327177048e-01
1.016172204166650717e-01
1.013913843780755997e-01
1.017994090914726285e-01
1.022534303367137881e-01
1.029593762010335978e-01
1.036656048148870413e-01
1.053567435592412949e-01
1.063918370753526715e-01
1.063743915408849744e-01
1.078421168029308347e-01
1.083172854036092703e-01
1.081683475524187060e-01
1.075085569173097610e-01
1.066083125770092010e-01
1.045938592404127149e-01
1.031259208917617853e-01
1.016026135534048025e-01
1.004782374948263168e-01
9.972334206104278842e-02
9.916936345398426333e-02
9.919187650084496100e-02
1.002076528966426849e-01
1.011941350996494321e-01
1.019091427326202365e-01
1.018351633101701736e-01
1.013619150966405813e-01
1.009711477905511912e-01
1.012027908116579084e-01
1.023665502667427118e-01
1.033971834927797373e-01
1.026472326368093463e-01
1.012938119471073206e-01
9.989951886236667078e-02
9.924144484102725983e-02
9.918582364916801730e-02
9.875479266047478000e-02
9.853326268494129458e-02
9.848901368677616397e-02
9.846628271043300629e-02
9.842861108481884558e-02
9.793065413832664767e-02
9.757681004703044891e-02
9.758410789072513580e-02
9.765842258930206021e-02
9.814019650220870417e-02
9.816525727510452826e-02
9.934943914413452148e-02
1.004817117005586680e-01
