2.315649963915347997e-01
2.072480872273445018e-01
1.871122568845748901e-01
1.694411545991897639e-01
1.536638572812080439e-01
1.392243653535842896e-01
1.260837223380804062e-01
1.140046622604131699e-01
1.034509047865867643e-01
9.398340396583079737e-02
8.541024141013622839e-02
7.765307165682315549e-02
7.050289027392864227e-02
6.383972764015197199e-02
5.745915640145540099e-02
5.150950253009796420e-02
4.615124426782131473e-02
4.155637901276350299e-02
3.753236122429370880e-02
3.446285147219896317e-02
3.153481790795922141e-02
2.903780546039342811e-02
2.673200322315096716e-02
2.467215582728386064e-02
2.296507256105542044e-02
2.166260909289121489e-02
2.027163337916135927e-02
1.893830085173249175e-02
1.783853480592369894e-02
1.693707117810845306e-02
1.584172532893717358e-02
1.515557342208921979e-02
1.412842427380383084e-02
1.346937883645296131e-02
1.280320496298372780e-02
1.205070642754435539e-02
1.163984304293990205e-02
1.108592078089714120e-02
1.062042391858994926e-02
1.028188201598823071e-02
9.999372670426965107e-03
9.817293146625161171e-03
9.629574045538902630e-03
9.419515868648887028e-03
9.296352183446288456e-03
9.052278380841017116e-03
9.013260481879115105e-03
9.113060683012009014e-03
8.749666484072804104e-03
8.711340022273361683e-03
8.725015260279179313e-03
8.592239813879132271e-03
8.503330359235405228e-03
8.434405433945357800e-03
8.403714559972286918e-03
8.186360821127891541e-03
8.310610265471040509e-03
8.405485283583402287e-03
8.276608772575855255e-03
8.142213523387908242e-03
8.025542856194079269e-03
8.195220422931016185e-03
8.094718027859926918e-03
8.117453311569988728e-03
7.948360592126845620e-03
7.947568339295685638e-03
7.877241051755846241e-03
7.894057594239712455e-03
7.939938129857182850e-03
7.944760215468704007e-03
7.914932956919074752e-03
7.760389964096248497e-03
7.656614086590707649e-03
7.692907401360571211e-03
7.670813077129423792e-03
7.624963507987558495e-03
7.600825326517224138e-03
7.675227196887135679e-03
7.622670428827404802e-03
7.558047538623213768e-03
7.531479420140385801e-03
7.565945456735789949e-03
7.442115433514117848e-03
7.536860276013612400e-03
7.520116236992180521e-03
7.368768262676894491e-03
7.443641219288111080e-03
7.437115535140037537e-03
7.444292376749217684e-03
7.376326085068285639e-03
7.376301544718444000e-03
7.384240836836397301e-03
7.375179789960384369e-03
7.336677890270948757e-03
7.258386374451220382e-03
7.312283595092594277e-03
7.243888592347503055e-03
7.247729529626667673e-03
7.113921432755887161e-03
7.308426592499017542e-03
