1.537018960714340299e+00
1.324296998977661177e+00
1.258244621753692671e+00
1.165933305025100619e+00
1.119753944873809859e+00
1.094772976636886552e+00
1.084366697072982832e+00
1.076164472103118941e+00
1.069582122564315840e+00
1.056938600540161088e+00
1.051228547096252353e+00
1.045474958419799760e+00
1.037540808320045471e+00
1.038474667072296187e+00
1.028939425945281982e+00
1.029442915320396335e+00
1.019047775864601046e+00
1.010829448699951172e+00
1.007915413379669278e+00
1.000323253870010420e+00
9.944335997104645219e-01
9.907251119613647017e-01
9.896150082349777222e-01
9.842788040637969749e-01
9.789996027946472612e-01
9.768829822540283647e-01
9.708145946264267190e-01
9.686710417270660844e-01
9.687414109706878884e-01
9.666792064905166404e-01
9.647063285112380537e-01
9.619085967540741411e-01
9.622638821601867676e-01
9.559188842773437278e-01
9.567101955413818137e-01
9.537626117467880027e-01
9.541619718074798584e-01
9.570630609989165816e-01
9.486160546541213545e-01
9.484995752573013306e-01
9.449177026748657449e-01
9.444478273391723189e-01
9.445831239223480003e-01
9.462684601545333640e-01
9.410829633474350198e-01
9.387532681226730125e-01
9.378610074520110640e-01
9.413187474012374434e-01
9.422110438346862349e-01
9.365144819021224976e-01
9.363378196954726951e-01
9.349936962127685103e-01
9.350671410560608132e-01
9.344319880008697954e-01
9.306879490613937378e-01
9.330062031745910422e-01
9.285400927066802534e-01
9.293747931718826516e-01
9.327013492584228516e-01
9.322478979825973289e-01
9.259771555662155151e-01
9.255882263183593528e-01
9.250677257776260820e-01
9.244385391473770586e-01
9.274283766746520552e-01
9.259488433599472046e-01
9.248786509037018044e-01
9.237299442291260210e-01
9.220392584800720659e-01
9.200719177722931352e-01
9.221890062093734963e-01
9.200610697269440141e-01
9.184726715087890847e-01
9.189220935106277022e-01
9.206544280052184615e-01
9.200717359781265259e-01
9.190804928541183028e-01
9.190465778112411055e-01
9.190639615058898704e-01
9.197610199451446977e-01
9.185526192188262495e-01
9.168308436870574729e-01
9.140121877193451150e-01
9.143079131841659324e-01
9.181216508150100708e-01
9.187059581279755083e-01
9.157779812812805176e-01
9.145999133586883989e-01
9.153396338224411011e-01
9.168913245201111284e-01
9.201824277639388816e-01
9.232908129692077859e-01
9.155581802129745261e-01
9.131902009248733521e-01
9.111548751592636330e-01
9.111911922693252119e-01
9.129127472639083640e-01
9.138880014419555886e-01
9.118315577507019043e-01
9.101069748401642290e-01
9.096764355897903886e-01
9.079766064882278664e-01
9.117194384336471114e-01
9.167023330926895586e-01
9.095302075147628784e-01
9.078437119722366777e-01
9.091286689043045488e-01
9.061976850032806841e-01
9.072605460882187112e-01
9.071964889764785323e-01
9.073651552200316939e-01
9.062820434570312278e-01
9.048504799604415449e-01
9.064539223909378052e-01
9.057803809642791526e-01
9.083327442407608254e-01
9.048659324645995650e-01
9.055970340967178789e-01
9.057848900556564331e-01
9.066783368587494341e-01
9.139860004186630693e-01
9.061893373727798462e-01
9.080156713724136797e-01
9.047238349914550337e-01
9.041061222553252730e-01
9.058768212795257346e-01
9.068753927946090476e-01
9.027538746595382690e-01
9.027994036674499290e-01
9.057648837566375510e-01
9.013172388076782227e-01
9.041245073080063088e-01
9.040746062994002852e-01
9.028995186090469360e-01
9.034150213003158125e-01
9.080042451620101707e-01
9.038207888603210227e-01
9.035628229379654153e-01
9.041962653398514238e-01
9.130279839038848433e-01
9.020227104425430076e-01
9.002016156911849531e-01
8.995114952325821145e-01
9.005687385797500610e-01
8.997848808765411821e-01
9.017323702573776245e-01
8.993309915065765825e-01
9.002604067325592485e-01
9.021714270114898904e-01
9.041101992130279319e-01
8.994253277778625488e-01
8.992942631244659202e-01
8.994787752628325972e-01
8.993817806243896706e-01
8.985390216112136841e-01
9.014853090047836304e-01
9.026094943284987959e-01
8.992708921432495117e-01
8.995547801256179588e-01
8.970711618661880715e-01
9.000765383243560791e-01
8.989267885684967263e-01
8.990272790193557517e-01
9.007439166307449341e-01
9.008855551481247392e-01
8.998384058475494829e-01
8.969463795423507912e-01
8.961984455585479958e-01
8.996684908866882102e-01
9.105806291103363259e-01
9.060473203659057395e-01
9.008549153804779053e-01
8.993337750434875488e-01
9.000326812267303023e-01
8.965903192758559737e-01
8.969095736742019875e-01
8.963928252458572832e-01
8.950837165117263572e-01
8.944796174764633179e-01
8.957191675901412520e-01
8.964101225137710571e-01
9.027266532182693926e-01
9.013168722391128318e-01
8.990409821271896362e-01
8.947768181562423262e-01
8.977939903736114058e-01
8.970475226640701738e-01
8.963812768459320512e-01
8.949059844017028809e-01
8.952279537916183472e-01
8.958535432815551980e-01
8.939794301986694336e-01
8.953558355569839478e-01
8.944641709327697532e-01
8.937247633934021218e-01
8.950186848640442339e-01
8.981648623943329079e-01
8.960565388202667014e-01
8.939699381589889526e-01
8.925435364246367964e-01
8.968766003847121748e-01
9.049750983715056929e-01
9.019613236188888106e-01
8.938472598791122881e-01
8.927070021629333052e-01
8.919932335615158303e-01
8.940156400203704834e-01
8.923404395580292192e-01
8.925711929798125777e-01
8.927293717861175537e-01
8.954756647348404153e-01
8.927471786737442017e-01
8.917057424783706443e-01
8.911610305309295432e-01
8.920511692762375100e-01
8.930266678333282915e-01
8.964047342538833396e-01
8.943655520677566972e-01
8.932346731424332109e-01
8.950254172086715698e-01
8.946809947490692583e-01
8.937767982482910378e-01
8.924029439687728438e-01
8.915262579917907493e-01
8.908130228519439697e-01
8.907689422369002852e-01
8.911920756101607832e-01
8.904275506734847800e-01
8.916026204824447632e-01
8.917846918106079324e-01
8.917273193597793357e-01
8.917525380849837813e-01
8.905933141708374245e-01
8.940838485956191795e-01
8.905227541923522727e-01
8.897699922323226707e-01
8.902096748352050781e-01
8.908542215824126753e-01
8.948605149984359963e-01
8.955327719449996948e-01
8.925003558397293091e-01
8.926721900701523049e-01
8.974051177501678467e-01
8.927144706249237061e-01
8.903550207614898682e-01
8.905012160539627075e-01
8.898089498281478438e-01
8.905791491270065308e-01
8.919092327356338279e-01
8.974338799715042558e-01
8.950179368257522583e-01
8.954359173774719682e-01
8.920298963785171509e-01
8.881077706813812478e-01
8.884339988231658714e-01
8.904125094413757324e-01
8.903306275606155396e-01
8.908012568950652854e-01
8.934786021709442139e-01
8.909875005483627319e-01
8.899542063474654707e-01
8.897409558296203169e-01
8.905020534992218462e-01
8.885712832212447898e-01
8.892418414354323897e-01
8.906599700450896773e-01
8.883311152458190918e-01
8.879633247852325439e-01
8.879937171936035378e-01
8.915674746036529319e-01
8.895116031169891802e-01
8.904322564601898637e-01
8.893719643354416338e-01
8.900247097015381303e-01
8.871153742074966431e-01
8.896855980157851729e-01
8.881495237350464089e-01
8.878018617630004661e-01
8.902921706438065019e-01
8.910576462745666282e-01
8.870647937059402688e-01
8.864093542098998579e-01
8.898757576942444292e-01
8.936006218194961770e-01
8.888713091611861739e-01
8.893163770437240156e-01
8.864814490079879761e-01
8.858160734176635520e-01
8.883015722036361472e-01
8.863899707794189453e-01
8.894515424966812356e-01
8.897802531719207764e-01
8.873072981834411177e-01
8.881804287433624490e-01
8.887800842523574385e-01
8.873255252838134766e-01
8.914847731590270774e-01
8.936974793672561868e-01
8.881738007068633589e-01
8.858238428831100020e-01
8.891201287508010420e-01
8.867933571338653120e-01
8.861399739980697632e-01
8.854992181062698586e-01
8.875721931457519753e-01
8.864375859498977439e-01
8.890866726636886819e-01
8.868032991886138916e-01
8.852715432643890603e-01
8.856869697570800559e-01
8.857299894094466941e-01
8.869822680950164573e-01
8.959517449140548262e-01
8.929608166217803955e-01
8.890434712171554343e-01
8.855736464262008445e-01
8.855407625436783059e-01
8.858163714408874290e-01
8.893852293491363303e-01
8.878196269273758157e-01
8.871139317750931230e-01
8.867270529270172563e-01
8.876550823450088945e-01
8.854363203048706277e-01
8.848326444625854714e-01
8.866327732801437822e-01
8.846290677785872969e-01
8.853287994861602783e-01
8.844932198524475542e-01
8.890163153409957886e-01
8.853284269571304321e-01
8.852242708206177202e-01
8.849209129810333696e-01
8.847775757312774658e-01
8.881341606378555520e-01
8.884844541549682395e-01
8.923741191625594871e-01
8.876365512609482034e-01
8.865059286355971846e-01
8.851726323366164717e-01
8.862375825643539207e-01
8.865320265293121782e-01
8.853515416383743730e-01
8.885122120380402055e-01
8.906273156404495017e-01
8.860132962465285811e-01
8.841397225856780784e-01
8.838105410337447898e-01
8.843110561370849387e-01
8.840625643730163352e-01
8.881726682186126265e-01
8.918359428644180298e-01
8.859737217426300049e-01
8.870311677455902100e-01
8.875811845064163208e-01
8.870299279689788374e-01
8.830995678901671919e-01
8.838439673185348733e-01
8.833058834075927512e-01
8.848861187696457353e-01
8.858069330453872681e-01
8.831295549869537798e-01
8.842673182487488237e-01
8.862193167209625466e-01
9.008261650800705178e-01
8.870147943496704546e-01
8.844604760408401045e-01
8.834549903869628462e-01
8.822890102863312212e-01
8.834495484828949197e-01
8.842778682708740678e-01
8.834967821836471336e-01
8.831828385591506958e-01
8.829033583402633445e-01
8.828154295682907327e-01
8.893427431583404985e-01
8.866188675165176392e-01
8.837845027446746826e-01
8.834433406591415405e-01
8.819431215524673462e-01
8.838589668273926225e-01
8.834206283092498335e-01
8.817421138286590798e-01
8.851634383201598677e-01
8.843208551406860352e-01
8.825314909219741377e-01
8.836384177207946555e-01
8.851811736822128296e-01
8.846712410449981689e-01
8.831160724163055198e-01
8.817228943109511885e-01
8.805700421333313432e-01
8.808453857898712602e-01
8.818570643663405928e-01
8.831258952617645486e-01
8.821029275655746238e-01
8.831168919801711814e-01
8.811985522508620772e-01
8.836834102869033369e-01
8.838434785604476485e-01
8.816377133131027000e-01
8.864176094532012495e-01
8.827137172222137007e-01
8.861610710620879683e-01
8.886207073926926103e-01
8.848664551973343118e-01
8.834418773651122603e-01
8.818437874317168745e-01
8.811631679534912553e-01
8.821207016706467119e-01
8.854297339916229470e-01
8.808279514312744585e-01
8.800883978605270608e-01
8.815078914165497270e-01
8.806371331214905007e-01
8.828953593969345315e-01
8.807466834783553855e-01
8.812525928020477073e-01
8.858686149120330589e-01
8.814124852418899758e-01
8.809675753116608110e-01
8.806020319461822510e-01
8.807433724403381792e-01
8.808725446462630781e-01
8.816316366195678933e-01
8.813279390335082564e-01
8.795247942209243330e-01
8.799958258867264238e-01
8.797852784395218118e-01
8.808074176311493364e-01
8.811073124408721480e-01
8.798015117645263672e-01
8.859018951654433760e-01
8.796712249517441018e-01
8.795714169740677102e-01
8.840499520301818848e-01
8.826555311679840088e-01
8.798460334539413008e-01
8.804599106311797874e-01
8.788459628820419756e-01
8.779650539159774558e-01
8.789687454700469971e-01
8.794348239898681641e-01
8.793603867292404397e-01
8.822408884763717207e-01
8.808889806270598921e-01
8.785538703203201738e-01
8.797787874937057495e-01
8.792661905288696733e-01
8.799485921859740989e-01
8.816858589649200217e-01
8.788675367832183838e-01
8.809340685606003030e-01
8.823580235242843850e-01
8.803227871656418291e-01
8.786753594875336137e-01
8.792400211095809937e-01
8.816165506839752641e-01
8.799803972244262251e-01
8.801898807287216187e-01
8.809223353862762895e-01
8.798066079616546631e-01
8.776349067687988503e-01
8.780040323734283891e-01
8.783080756664276567e-01
8.771307647228241411e-01
8.773275256156921609e-01
8.785271644592285156e-01
8.775753229856491089e-01
8.800429552793502808e-01
8.785063087940215842e-01
8.816350698471069336e-01
8.803957462310790794e-01
8.804512530565261619e-01
8.794031500816344993e-01
8.821457982063293235e-01
8.782532691955566850e-01
8.772234857082367165e-01
8.778692781925201416e-01
8.786029219627380371e-01
8.783012181520462036e-01
8.786075323820113914e-01
8.804004132747650369e-01
8.780009329319000688e-01
8.808306515216827171e-01
8.807218670845031738e-01
8.784084200859070268e-01
8.788897693157196045e-01
8.783578991889953169e-01
8.767399996519088523e-01
8.766988813877105713e-01
8.791156858205795288e-01
8.791516304016113725e-01
8.785425156354904619e-01
8.781040310859680176e-01
8.813470274209975752e-01
8.823548138141632524e-01
8.801433563232421431e-01
8.784511327743530495e-01
8.823813766241073164e-01
8.802267760038375854e-01
8.777013421058654785e-01
8.778674960136413352e-01
8.803290963172912820e-01
8.778285175561905129e-01
8.768490910530090110e-01
8.759354025125503096e-01
8.836083471775054710e-01
8.874158054590225442e-01
8.806756615638733354e-01
8.778488725423813088e-01
8.846662461757659468e-01
8.805773168802261130e-01
8.820942401885986106e-01
8.769825220108031782e-01
8.792699307203293291e-01
8.793299138545990212e-01
8.768632054328918679e-01
8.792558521032333152e-01
8.768526524305343406e-01
8.763341993093490823e-01
8.806453824043274370e-01
8.785538017749786599e-01
8.767581641674041526e-01
8.754864722490310891e-01
8.788982063531876054e-01
8.773489385843277200e-01
8.783077567815780196e-01
8.779456228017806785e-01
8.767071723937988059e-01
8.759247899055481179e-01
8.767596513032913652e-01
8.799983978271483931e-01
8.776246249675750954e-01
8.761468231678009033e-01
8.768267869949341042e-01
8.796758055686950684e-01
8.815235435962677224e-01
8.800903350114822610e-01
8.787126094102859497e-01
8.800349295139312522e-01
8.796044766902924028e-01
8.774510890245437178e-01
8.770469009876251665e-01
8.778563082218170388e-01
8.786583811044692549e-01
8.774356186389923318e-01
8.806396484374999778e-01
8.804194092750549094e-01
8.804037123918533325e-01
8.825069129467010276e-01
8.827259302139282005e-01
8.811205953359604326e-01
8.809140563011169656e-01
8.765655428171157393e-01
8.764076948165893111e-01
8.768262684345244917e-01
8.789166152477264626e-01
8.781198769807815330e-01
8.754979819059371948e-01
8.778166592121123823e-01
8.770022988319396973e-01
8.785952746868133101e-01
8.784065663814544234e-01
8.747187614440917747e-01
8.752801656723022683e-01
8.754471778869629128e-01
8.781051456928252730e-01
8.803337872028350608e-01
8.796023577451705933e-01
8.810774087905883789e-01
8.791610002517700195e-01
8.779921203851699385e-01
8.759287625551224199e-01
8.761694967746734841e-01
8.784335017204284446e-01
8.778280436992644820e-01
8.766755610704421997e-01
8.756029099225998147e-01
8.744850575923919234e-01
8.754538059234618919e-01
8.782024949789046797e-01
8.768674254417418990e-01
8.752886295318603738e-01
8.749948769807815996e-01
8.730729699134827104e-01
8.744311183691024780e-01
8.776430904865264448e-01
8.770776391029357910e-01
8.759395211935043779e-01
8.824474453926086648e-01
8.797442138195037398e-01
8.773337095975876077e-01
8.740535974502563477e-01
8.752253234386444536e-01
8.743767917156219927e-01
8.752113640308379905e-01
8.760702073574065940e-01
8.768345594406128374e-01
8.738417804241180864e-01
8.772398471832275613e-01
8.750606000423430952e-01
8.775209277868271096e-01
8.779689759016037209e-01
8.779641896486282127e-01
8.760847985744476540e-01
8.751334041357040627e-01
8.747852534055710061e-01
8.768560290336608887e-01
8.774724453687667847e-01
8.781287908554077370e-01
8.749769926071166992e-01
8.790640711784363237e-01
8.762724518775939497e-01
8.758620798587799516e-01
8.764018505811691506e-01
8.738796651363373025e-01
8.742828935384749922e-01
8.732630193233490434e-01
8.757543593645096269e-01
8.779460638761520386e-01
8.791635394096374290e-01
8.753980636596679910e-01
8.780990839004516602e-01
8.799038887023925559e-01
8.767981410026550737e-01
8.779605656862259355e-01
8.788152962923050371e-01
8.787911355495452437e-01
8.791132986545562300e-01
8.746467500925063643e-01
8.802015334367752075e-01
8.755030781030654907e-01
8.734126567840576616e-01
8.735059261322021262e-01
8.765008419752120528e-01
8.761317461729050127e-01
8.752758860588073508e-01
8.774740666151046309e-01
8.737671077251434326e-01
8.737494409084319846e-01
8.737297832965851274e-01
8.741420328617095503e-01
8.760357052087783813e-01
8.762675851583481279e-01
8.757766842842101829e-01
8.759481251239776833e-01
8.760982036590576616e-01
8.761714875698090044e-01
8.760859668254852295e-01
8.734708279371261597e-01
8.729787617921829224e-01
8.761299669742583784e-01
8.762430191040039285e-01
8.743642181158065574e-01
8.735902696847915871e-01
8.737974017858505249e-01
8.750738501548767090e-01
8.779566735029220581e-01
8.756308794021606667e-01
8.733083218336105125e-01
8.749551415443420632e-01
8.732921928167343140e-01
8.751831740140915139e-01
8.754494309425353560e-01
8.740584403276443481e-01
8.773727655410766824e-01
8.747822672128677812e-01
8.738134235143661943e-01
8.733998924493789895e-01
8.763574421405792014e-01
8.818920582532883135e-01
8.784519791603088157e-01
8.754444867372512817e-01
8.744198828935623169e-01
8.738257199525832908e-01
8.720293462276458296e-01
8.727221846580505149e-01
8.743659943342209084e-01
8.752886593341827615e-01
8.735082983970642312e-01
8.738595724105835405e-01
8.722454547882080300e-01
8.727015942335129006e-01
8.733561635017395020e-01
8.742658257484435813e-01
8.722889006137848344e-01
8.735693901777267234e-01
8.737568914890289085e-01
8.852264612913132158e-01
8.805943727493286133e-01
8.733867138624191728e-01
8.731651812791824119e-01
8.736352533102035300e-01
8.734287321567535400e-01
8.731931865215301070e-01
8.772668272256851640e-01
8.747249543666839600e-01
8.725757867097854170e-01
8.745837032794951948e-01
8.717980980873107910e-01
8.754357665777205977e-01
8.760133534669876099e-01
8.739889353513717873e-01
8.768217593431473222e-01
8.743197441101073775e-01
8.720989674329757690e-01
8.737733691930771318e-01
8.808134436607361062e-01
8.749975055456161721e-01
8.770289063453674538e-01
8.753230243921279463e-01
8.752689778804778609e-01
8.747409909963608232e-01
8.747567504644393477e-01
8.745975434780121072e-01
8.746864587068557961e-01
8.759879827499389426e-01
8.742083489894867387e-01
8.745086163282393965e-01
8.715237051248549971e-01
8.719542294740676436e-01
8.715372383594512939e-01
8.722647547721862349e-01
8.769154757261276023e-01
8.766171097755431907e-01
8.792249202728271706e-01
8.743029832839965820e-01
8.763348400592804177e-01
8.727008253335952759e-01
8.717188030481338723e-01
8.720452070236206499e-01
8.751876085996628252e-01
8.737995773553848267e-01
8.783356845378875732e-01
8.773237615823745728e-01
8.746344834566116555e-01
8.756834834814071211e-01
8.753196954727172630e-01
8.725821822881698608e-01
8.742307126522064209e-01
8.735679030418396218e-01
8.721023082733154741e-01
8.730631560087204202e-01
8.730566054582595825e-01
8.718177556991577593e-01
8.718102991580962691e-01
8.719415992498398271e-01
8.728040665388107078e-01
8.771085947751998679e-01
8.807568758726119773e-01
8.745688736438751443e-01
8.734747022390365601e-01
8.716930717229842696e-01
8.749405652284621970e-01
8.736105293035507646e-01
8.741752833127975908e-01
8.749636739492416826e-01
8.729530483484267966e-01
8.708586782217025979e-01
8.718927592039108498e-01
8.716222703456878440e-01
8.739183366298675093e-01
8.777094304561614546e-01
8.790284454822540061e-01
8.733471065759659258e-01
8.718637257814407793e-01
8.726209491491317971e-01
8.754473328590393066e-01
8.722805112600326982e-01
8.715070068836212602e-01
8.729741394519805464e-01
8.746962815523147139e-01
8.712919712066650169e-01
8.719048500061035156e-01
8.747454315423965898e-01
8.811429291963577271e-01
8.759064584970474021e-01
8.788865268230438010e-01
8.762946635484695213e-01
8.729067832231521828e-01
8.732668578624724898e-01
8.793077349662781206e-01
8.782372355461121050e-01
8.760972261428833230e-01
8.724858671426772849e-01
8.738491356372832808e-01
8.735761165618896040e-01
8.742897629737853560e-01
8.730876445770263672e-01
8.710940808057785478e-01
8.741159588098526001e-01
8.719461917877197044e-01
8.709035277366637962e-01
8.723792672157287820e-01
8.740223646163940430e-01
8.717568010091781838e-01
8.726647764444350752e-01
8.719636499881744385e-01
8.722890913486480713e-01
8.719770044088364092e-01
8.708052992820739524e-01
8.712769180536270586e-01
8.726011335849761519e-01
8.786289244890213013e-01
8.740874171257019265e-01
8.711574792861938032e-01
8.707990080118179765e-01
8.706392735242843850e-01
8.734304815530776755e-01
8.731049418449401411e-01
8.755782723426819292e-01
8.766946494579315186e-01
8.738279491662979126e-01
8.727221250534057395e-01
8.779535889625549316e-01
8.763543158769607766e-01
8.716197818517684714e-01
8.704439729452133623e-01
8.723561078310012595e-01
8.701627433300018755e-01
8.715720802545547929e-01
8.731462329626082930e-01
8.701584577560425027e-01
8.742452740669250932e-01
8.747456490993499312e-01
8.729496359825134055e-01
8.720794528722762839e-01
8.712732911109923872e-01
8.719539493322372437e-01
8.780541896820068803e-01
8.752617299556731956e-01
8.734741240739822832e-01
8.742355972528457198e-01
8.761294275522232278e-01
8.760958850383758767e-01
8.703266829252243042e-01
8.709594517946243064e-01
8.723347753286361250e-01
8.770924121141433494e-01
8.721061527729034868e-01
8.737338989973068015e-01
8.742710947990417480e-01
8.705308914184570757e-01
8.697889566421508345e-01
8.705533355474471824e-01
8.716571509838104692e-01
8.714219480752944946e-01
8.713829547166824785e-01
8.723356097936629805e-01
8.716666907072067039e-01
8.746410071849822776e-01
8.707947969436645730e-01
8.699310153722763506e-01
8.765170127153396606e-01
8.734205424785613792e-01
8.710040152072906494e-01
8.757337659597397295e-01
8.727714926004409568e-01
8.714761584997177124e-01
8.734870642423629983e-01
8.734155565500258955e-01
8.769594937562942283e-01
8.747505813837050948e-01
8.735606461763382180e-01
8.714903771877289262e-01
8.724353879690169844e-01
8.704611927270888838e-01
8.717904567718506303e-01
8.706175267696381059e-01
8.691255867481231245e-01
8.745239853858948198e-01
8.713123500347137451e-01
8.724950760602950828e-01
8.726523041725158247e-01
8.705657124519348145e-01
8.727470993995666282e-01
8.714388549327850564e-01
8.714370340108871238e-01
8.742987275123595969e-01
8.736932069063186868e-01
8.723779439926147017e-01
8.701526522636413574e-01
8.722926676273345947e-01
8.704320460557937178e-01
8.724790632724761519e-01
8.716984480619430764e-01
8.725219130516052024e-01
8.762714326381683128e-01
8.863625526428222656e-01
8.732322186231613603e-01
8.720465958118438499e-01
8.727789640426635298e-01
8.739265531301498857e-01
8.725480169057846513e-01
8.786519378423690574e-01
8.744775533676147905e-01
8.792207658290862593e-01
8.745011687278747559e-01
8.736692607402801736e-01
8.717154562473297119e-01
8.704305410385131392e-01
8.744612276554107888e-01
8.701515078544617143e-01
8.736737757921219094e-01
8.720683634281158891e-01
8.711657673120498657e-01
8.698097348213196245e-01
8.707562863826752153e-01
8.714575529098510520e-01
8.729043304920196533e-01
8.717667460441589355e-01
8.736847937107086182e-01
8.704276829957962036e-01
8.741403579711913840e-01
8.711578279733658281e-01
8.728239506483077559e-01
8.717079520225524680e-01
8.733418077230453713e-01
8.716639280319213867e-01
8.715426027774810791e-01
8.714454323053359985e-01
8.704237252473830955e-01
8.710189431905746016e-01
8.712888747453689797e-01
8.702931672334670576e-01
8.714286595582961814e-01
8.733253717422485574e-01
8.709896326065063032e-01
8.703497767448424849e-01
8.697213977575302124e-01
8.700809389352798240e-01
8.713016092777252641e-01
8.719060987234115156e-01
8.735676586627960649e-01
8.738549977540970293e-01
8.717457652091979980e-01
8.696249663829803689e-01
8.699624329805374368e-01
8.689121276140212569e-01
8.722571134567260742e-01
8.702277600765228049e-01
8.699900269508361594e-01
8.731436103582381758e-01
8.712759763002395630e-01
8.714985400438308716e-01
8.701344758272171465e-01
8.754201352596282515e-01
8.717263787984848022e-01
8.746874928474426270e-01
8.711898863315582497e-01
8.732801139354705589e-01
8.761481523513794389e-01
8.795684784650802390e-01
8.792126297950744185e-01
8.703981310129165205e-01
8.701067656278610452e-01
8.697225153446197510e-01
8.680788069963455422e-01
8.694586932659149614e-01
8.700531184673309104e-01
8.711328059434890747e-01
8.707572340965270552e-01
8.716369032859802024e-01
8.720910698175430298e-01
8.707466930150985496e-01
8.807883620262145774e-01
8.760608136653900146e-01
8.719442456960677656e-01
8.708213806152343972e-01
8.712743967771530151e-01
8.743144541978835615e-01
8.722134917974472268e-01
8.717521756887436357e-01
8.707122951745986938e-01
8.691060334444046243e-01
8.704750478267669900e-01
8.713509231805801614e-01
8.717466622591019121e-01
8.710903197526931319e-01
8.711640596389770286e-01
8.752847671508788840e-01
8.697262287139893022e-01
8.702190428972244041e-01
8.700135707855224387e-01
8.707858651876450029e-01
8.708594590425491333e-01
8.764645189046860185e-01
8.746012866497039351e-01
8.779015004634856956e-01
8.754558891057968584e-01
8.699127465486526933e-01
8.705499053001404253e-01
8.707372397184371948e-01
8.707380324602127519e-01
8.719314813613892046e-01
8.696757048368454202e-01
8.695270389318465742e-01
8.770453035831451416e-01
8.731084465980529785e-01
