1.792353928089141846e+00
1.725773286819457963e+00
1.658525168895721436e+00
1.588908404111862183e+00
1.522229856252670377e+00
1.470941668748855680e+00
1.437976670265197709e+00
1.413700520992279053e+00
1.392606526613235474e+00
1.372590756416320890e+00
1.352915143966674894e+00
1.333931303024292081e+00
1.316797763109207153e+00
1.302024757862091153e+00
1.289609938859939575e+00
1.278856503963470503e+00
1.269167327880859286e+00
1.260366743803024381e+00
1.252239149808883623e+00
1.244761395454406783e+00
1.237860882282256991e+00
1.231264591217041016e+00
1.225234609842300371e+00
1.219442999362945645e+00
1.213939708471298173e+00
1.208771675825119019e+00
1.203669977188110307e+00
1.198794198036193803e+00
1.194041365385055453e+00
1.189480614662170366e+00
1.185324347019195645e+00
1.181099176406860352e+00
1.177377039194106967e+00
1.173764938116073520e+00
1.170538294315338179e+00
1.167617124319076494e+00
1.164697939157485873e+00
1.162202054262161166e+00
1.159845918416976929e+00
1.157603025436401367e+00
1.155535387992858931e+00
1.153550565242767334e+00
1.151685434579849288e+00
1.149997270107269376e+00
1.148226690292358354e+00
1.146682405471801669e+00
1.145175331830978305e+00
1.143716806173324496e+00
1.142269891500472978e+00
1.140728241205215543e+00
1.139274245500564664e+00
1.137849444150924594e+00
1.136373853683471769e+00
1.135549861192703291e+00
1.133803218603134155e+00
1.132263827323913619e+00
1.130831724405288785e+00
1.129729050397872969e+00
1.128033173084258989e+00
1.126420497894287109e+00
1.125121897459030240e+00
1.123547679185867398e+00
1.121900278329849288e+00
1.121150940656661987e+00
1.119571357965469360e+00
1.117744940519332930e+00
1.116450092196464627e+00
1.114433938264846713e+00
1.112976592779159501e+00
1.111461788415908813e+00
1.109984958171844394e+00
1.108561861515045210e+00
1.107429748773574918e+00
1.106097191572189331e+00
1.104409992694854736e+00
1.102729386091232389e+00
1.101598149538040250e+00
1.100157660245895341e+00
1.098878884315490634e+00
1.097448831796646207e+00
1.096306556463241488e+00
1.094883769750595093e+00
1.093546593189239413e+00
1.092310047149658292e+00
1.091203385591506869e+00
1.090122532844543413e+00
1.088891673088073775e+00
1.087441647052764804e+00
1.086575758457183793e+00
1.086044445633888245e+00
1.084595698118209883e+00
1.083433315157890320e+00
1.082087403535842984e+00
1.081697881221771240e+00
1.080597025156021074e+00
1.079820111393928528e+00
1.078497415781021207e+00
1.077700322866439908e+00
1.076793751120567411e+00
1.076124143600463823e+00
1.075065886974334806e+00
1.075224667787551880e+00
1.074667757749557584e+00
1.073326569795608476e+00
1.072089749574661299e+00
1.071804088354110673e+00
1.070650994777679443e+00
1.069920802116393954e+00
1.069366574287414551e+00
1.068588382005691617e+00
1.067940950393676758e+00
1.067159676551818759e+00
1.066627511382102877e+00
1.065997123718261719e+00
1.065494120121002197e+00
1.064612016081809998e+00
1.063943493366241499e+00
1.063285195827484042e+00
1.062789934873580977e+00
1.062565770745277360e+00
1.061936694383621260e+00
1.061225321888923601e+00
1.060940271615982144e+00
1.059990730881690935e+00
1.059487742185592607e+00
1.058843553066253662e+00
1.058169937133789151e+00
1.057722812891006559e+00
1.058039426803588867e+00
1.056417271494865417e+00
1.056210714578628584e+00
1.056197017431259155e+00
1.054918071627616971e+00
1.054432258009910583e+00
1.053930574655532748e+00
1.053500664234161333e+00
1.053289520740509078e+00
1.052809104323387146e+00
1.052113506197929427e+00
1.052203115820884660e+00
1.051368457078933671e+00
1.050493824481964156e+00
1.050441041588783264e+00
1.051044416427612260e+00
1.049956598877906710e+00
1.048908558487892106e+00
1.048394227027892978e+00
1.048196989297866866e+00
1.047939521074295000e+00
1.048609957098960876e+00
1.047906345129013150e+00
1.046457013487815946e+00
1.046037840843200728e+00
1.046379861235618547e+00
1.045836335420608609e+00
1.045142543315887407e+00
1.045604553818702653e+00
1.044892051815986544e+00
1.043897184729576155e+00
1.044118896126747131e+00
1.043396881222725003e+00
1.042864137887954623e+00
1.043081131577491716e+00
1.043716025352477983e+00
1.042689096927642778e+00
1.041864204406738326e+00
1.041618120670318559e+00
1.041104879975318864e+00
1.040872025489807173e+00
1.040615004301071123e+00
1.040251117944717363e+00
1.040173938870430081e+00
1.040424746274948076e+00
1.040097278356552080e+00
1.039191389083862216e+00
1.039346313476562589e+00
1.039156097173690840e+00
1.038341730833053589e+00
1.038198092579841525e+00
1.037983193993568420e+00
1.038029712438583330e+00
1.037532052397728055e+00
1.037244457006454512e+00
1.037110042572021440e+00
1.036804899573326111e+00
1.036808478832244917e+00
1.036322087049484253e+00
1.035961687564849854e+00
1.035862332582473844e+00
1.035907819867134094e+00
1.036045277118682773e+00
1.035529178380966142e+00
1.035149261355400085e+00
1.034999975562095553e+00
1.034740236401557878e+00
1.034932708740234464e+00
1.035997620224952787e+00
1.035015606880187899e+00
1.034391877055168107e+00
1.034365826845168979e+00
1.034449714422225997e+00
1.034866657853126481e+00
1.033789163827896207e+00
1.033280152082443282e+00
1.034357193112373396e+00
1.033201211690902621e+00
1.032916235923767134e+00
1.032493385672569319e+00
1.032480332255363509e+00
1.032215455174446017e+00
1.032593229413032443e+00
1.032042655348777815e+00
1.032188814878463701e+00
1.032157263159751981e+00
1.032459431886672885e+00
1.031785315275192350e+00
1.031259185075759977e+00
1.031523394584655806e+00
1.031218257546424821e+00
1.031330028176307589e+00
1.030780336260795682e+00
1.030686527490615845e+00
1.030657950043678328e+00
1.030696097016334578e+00
1.030958563089370728e+00
1.030551883578300520e+00
1.030172795057296753e+00
1.029998993873596280e+00
1.029901862144470215e+00
1.029723635315895169e+00
1.029799905419349626e+00
1.029805037379264876e+00
1.030052810907363892e+00
1.030029571056366056e+00
1.029483708739280745e+00
1.029386278986930803e+00
1.029021149873733609e+00
1.029229676723480313e+00
1.028858277201652571e+00
1.029017093777656600e+00
1.028934913873672530e+00
1.029000586271286100e+00
1.028416857123374939e+00
1.029497906565666199e+00
1.029060149192809970e+00
1.028859624266624362e+00
1.028416076302528293e+00
1.028330072760581970e+00
1.028326898813247681e+00
1.027903717756271318e+00
1.027878299355506897e+00
1.027789372205734297e+00
1.028077688813209489e+00
1.027648580074310258e+00
1.027476340532302856e+00
